10321.329905993358
10546.23504361485
10800.857274781623
10665.263248916677
10837.943811406558
10445.376181502243
8918.371768302994
9153.862259091926
9133.546782729265
9146.65759880123
9131.066729970933
9137.294840372231
9128.684920402244
9157.55651411808
9177.664656857469
9164.729879908955
9179.657400694161
9171.98617302641
9141.663576835661
9114.286460308946
9144.169219971944
9093.543894266199
9136.773370380159
9109.71213965592
9106.693011948513
9147.987719469267
9128.34375001009
9125.942117051523
9135.986368871416
9085.118473884171
9104.566189734825
9130.746423241724
9205.2610915639
9391.363557836636
9425.01873016067
9435.928667006447
9421.42211936103
9446.35659426577
9281.271212667385
9135.73933398857
9130.573585229231
9183.396745130294
9274.842580111566
9160.489941574693
9152.880679440645
9194.606168154209
9163.017960625333
9112.741951058417
9133.12365635318
9119.829136186849
9101.19651275169
9092.97823600798
9104.738422109212
9085.209599171603
9079.970695626707
9094.209574553424
9391.559382183346
9123.7582587533
9130.103026518696
